TargetLM= 0.198592983934095
PermutationDistortion0= -0.0676238392327022 -0.0676238392327022 -0.00712455116666291 -0.00712455116666291
SourceLM= -0.0101581019585613
PermutationExpectedKendallTau0= 0.00123058268410533 0.000434403772470161 0.000434403772470161
UnknownWordPenalty0= -3.99917685153499e-06
WordPenalty0= -0.266660369387178
PhrasePenalty0= -0.0525566270430953
TranslationModel0= 0.128355145433111 0.0884264432393365 0.0965114242171321 0.00713873458286323
InputFeature0= 0
